6505013856328
6510014922275
5970014800614
5306011429381
6685011396216
5985011047063
6685010487709
4010002728849
5315011590157
3120005622452
6605015978773
5310010583981
5315013157184
5306012650467
5310014378689
3110011328647
3130016462703
5306011331570
5120015205979
6150015223621
5306003733291
6610015538726
5325010446505
6150016642721
5995015209701
5995011104502
5315014972320
5305015128311
6220015640484
5977003051411
6620010609761
2835010362011
6150012497716
5306016206594
5306012238019
3110012748413
3110015035144
6150015012841
6150016744243
5310010539995
7050016338732
6150016972636
5315010529419
5310011040531
5995014547994
5995016238693
5995016691890
5310010932471
5995015209726
5995014416832
6150016744532
6150013523934
6150013141302
3110005801805
5306014548871
6150016264177
6150013113330
6150016544418
6150145858612
6150015251512
6150013141304
6150015605491
6150015726184
6210016528956
6150015297900
6150016513613
6150013168832
5995000000149
6685014970984
6150016554838
5995014358697
2915007759195
1560004353653
1560012795502
1560011531021
1620016261337
5342010328148
1660011753973
1450002508822
5340014946456
1020014114563
5360013227407
2530013940392
2510016447912
5340012815374
1015013407781
1005005564278
2530012953113
1010011495468
1025014179312
3020015397901
5340013882638
5330012736278
5340010791829
2540014914205
2590015800636
5330013618015
5330013772460
3040011200713
5330014172683
3010001265662
2520011845501
6130015507611
5330010986005
2540012710344
6160015679735
2530014411881
2815011687912
1095015776043
2540011236838
5340016237427
3020001849329
1015012865189
1010011291247
2910014771311
2940017025945
2510013743118
2540015034827
5330009318736
5330011341986
2940011208616
2910001198494
2930016965804
3020008873386
6130016653857
2590009532172
2510015342358
2510015790131
5330007954085
5340001919406
2530010709506
2910010413464
2940016174555
3040012973816
2540014123853
2510015219884
3040012419140
2540011799213
5330011767682
5330013142962
6130016870201
5330011234631
2590016445097
3020002525637
5935011544586
5330006789582
3040015642110
4330005161265
6105015511694
5935006870018
5925005293940
